results:
- max: 2.3041313999999993
  mean: 1.4753116880000001
  median: 1.3756760000000021
  min: 1.2867149000000002
  runs: 25
  snippet_code: urllib.request.urlopen(URL)
  snippet_name: urllib
  stddev: 0.2597907645794356
- max: 3.1865464000000046
  mean: 2.393063924000001
  median: 2.3036981000000054
  min: 2.1035829000000064
  runs: 25
  snippet_code: urllib3.PoolManager().request("GET", URL)
  snippet_name: urllib3
  stddev: 0.2596933302856841
- max: 2.9061352999999883
  mean: 2.2945496360000006
  median: 2.1931103000000007
  min: 2.0368500000000154
  runs: 25
  snippet_code: requests.get(URL)
  snippet_name: requests
  stddev: 0.2234703351017371
- max: 2.423898200000025
  mean: 2.2010564999999995
  median: 2.1679903999999794
  min: 2.079787600000003
  runs: 25
  snippet_code: httpx.get(URL)
  snippet_name: httpx
  stddev: 0.104432339515394
